[gd_scene load_steps=10 format=3 uid="uid://b5sfvhmp8w8yg"]

[ext_resource type="PackedScene" uid="uid://ouabcoiplpnq" path="res://scenes/FloatingIslands.tscn" id="2_6vs76"]
[ext_resource type="Environment" uid="uid://c0rw7epvbmvnw" path="res://assets/BaseEnvironment.tres" id="2_k5jlv"]
[ext_resource type="Script" uid="uid://bkpgej41kalv5" path="res://scripts/point_manager.gd" id="3_6vs76"]
[ext_resource type="PackedScene" uid="uid://ngl0b6grl0o3" path="res://scenes/MilestonePoint.tscn" id="4_kl8ac"]
[ext_resource type="Script" uid="uid://dxdv8xxlk7opb" path="res://scripts/teleporter.gd" id="5_dke22"]
[ext_resource type="Texture2D" uid="uid://c814pwslue4hm" path="res://assets/images/galaxy.jpg" id="5_qifjx"]
[ext_resource type="Script" uid="uid://bjsmx3bhqvoiw" path="res://scripts/rotator.gd" id="6_4qegb"]

[sub_resource type="BoxShape3D" id="BoxShape3D_kl8ac"]
size = Vector3(150, 5, 150)

[sub_resource type="StandardMaterial3D" id="StandardMaterial3D_dke22"]
albedo_color = Color(0.825, 0.65, 1, 1)
albedo_texture = ExtResource("5_qifjx")

[node name="Level" type="Node3D"]

[node name="WorldEnvironment" type="WorldEnvironment" parent="."]
environment = ExtResource("2_k5jlv")

[node name="Sunlight" type="DirectionalLight3D" parent="."]
transform = Transform3D(0.634705, -0.0575384, -0.770609, 0.687036, 0.49851, 0.528649, 0.353739, -0.864973, 0.355938, 0, 0, 0)

[node name="IslandsRoot" type="Node3D" parent="."]

[node name="FloatingIslands" parent="IslandsRoot" instance=ExtResource("2_6vs76")]

[node name="FloatingIslands2" parent="IslandsRoot" instance=ExtResource("2_6vs76")]
transform = Transform3D(-0.631867, 0, 0.775077, 0, 1, 0, -0.775077, 0, -0.631867, 3.30518, -58.3172, -135.51)

[node name="PointManager" type="Node3D" parent="IslandsRoot"]
script = ExtResource("3_6vs76")
metadata/_custom_type_script = "uid://bkpgej41kalv5"

[node name="MilestonePoint" parent="IslandsRoot/PointManager" instance=ExtResource("4_kl8ac")]
transform = Transform3D(1, 0, 0, 0, 1, 0, 0, 0, 1, 13.8276, 27.3007, 28.7189)

[node name="MilestonePoint2" parent="IslandsRoot/PointManager" instance=ExtResource("4_kl8ac")]
transform = Transform3D(1, 0, 0, 0, 1, 0, 0, 0, 1, 9.6716, 12.4219, 9.1339)

[node name="MilestonePoint3" parent="IslandsRoot/PointManager" instance=ExtResource("4_kl8ac")]
transform = Transform3D(-0.578968, 0, -0.81535, 0, 1, 0, 0.81535, 0, -0.578968, 3.31719, 8.67744, -19.056)

[node name="MilestonePoint4" parent="IslandsRoot/PointManager" instance=ExtResource("4_kl8ac")]
transform = Transform3D(-0.578968, 0, -0.81535, 0, 1, 0, 0.81535, 0, -0.578968, -45.8597, -2.87296, -28.5106)

[node name="MilestonePoint5" parent="IslandsRoot/PointManager" instance=ExtResource("4_kl8ac")]
transform = Transform3D(0.41663, 0, -0.909076, 0, 1, 0, 0.909076, 0, 0.41663, -41.0188, 3.93489, -17.3574)

[node name="MilestonePoint6" parent="IslandsRoot/PointManager" instance=ExtResource("4_kl8ac")]
transform = Transform3D(-0.997504, 0, -0.0706097, 0, 1, 0, 0.0706097, 0, -0.997504, 31.9128, -3.06511, -30.9137)

[node name="MilestonePoint7" parent="IslandsRoot/PointManager" instance=ExtResource("4_kl8ac")]
transform = Transform3D(-0.997967, 0, 0.0637309, 0, 1, 0, -0.0637309, 0, -0.997967, 10.4753, -3.06511, -61.5032)

[node name="MilestonePoint8" parent="IslandsRoot/PointManager" instance=ExtResource("4_kl8ac")]
transform = Transform3D(-0.799024, 0, 0.601299, 0, 1, 0, -0.601299, 0, -0.799024, 8.87326, -41.2259, -94.6217)

[node name="MilestonePoint9" parent="IslandsRoot/PointManager" instance=ExtResource("4_kl8ac")]
transform = Transform3D(-0.799024, 0, 0.601299, 0, 1, 0, -0.601299, 0, -0.799024, 63.1468, -52.8461, -161.215)

[node name="MilestonePoint10" parent="IslandsRoot/PointManager" instance=ExtResource("4_kl8ac")]
transform = Transform3D(-0.104772, 0, 0.994496, 0, 1, 0, -0.994496, 0, -0.104772, 19.8056, -30.6875, -175.761)

[node name="MilestonePoint11" parent="IslandsRoot/PointManager" instance=ExtResource("4_kl8ac")]
transform = Transform3D(-0.41682, 0, 0.908989, 0, 1, 0, -0.908989, 0, -0.41682, -3.27702, -46.079, -152.495)

[node name="MilestonePoint12" parent="IslandsRoot/PointManager" instance=ExtResource("4_kl8ac")]
transform = Transform3D(-0.920075, 5.28977e-08, 0.391743, 4.08936e-08, 1, -3.89862e-08, -0.391743, -1.98504e-08, -0.920075, -48.6952, -55.639, -122.755)

[node name="Teleport" type="Area3D" parent="IslandsRoot"]
transform = Transform3D(1, 0, 0, 0, 1, 0, 0, 0, 1, 0, -115.484, -50.5186)
script = ExtResource("5_dke22")
destination = NodePath("../Marker3D")

[node name="CollShape" type="CollisionShape3D" parent="IslandsRoot/Teleport"]
shape = SubResource("BoxShape3D_kl8ac")

[node name="MeshRoot" type="RemoteTransform3D" parent="IslandsRoot/Teleport"]
remote_path = NodePath("../CollShape")
script = ExtResource("6_4qegb")
rotation_speed = 1.0

[node name="GalaxyBox" type="CSGBox3D" parent="IslandsRoot/Teleport/MeshRoot"]
size = Vector3(150, 5, 150)
material = SubResource("StandardMaterial3D_dke22")

[node name="Marker3D" type="Marker3D" parent="IslandsRoot"]
transform = Transform3D(1, 0, 0, 0, 1, 0, 0, 0, 1, 20.5125, 24.8578, 38.6699)
gizmo_extents = 5.0
